version https://git-lfs.github.com/spec/v1
oid sha256:4b1e86aa4f95bce988db1cb5b7341e32258de398ae9fc1c545abb7747ab8fd61
size 183604433
